$ANSIBLE_VAULT;1.1;AES256
36613539383437386130393065626562316131303130333934303666353238373339303662353265
3264663033393861343630623030366138376235646537650a326233386663653536383639333031
66313764333832363333343161616264376363666237613932343665396663396537323963313236
6530346464353031370a373966326665646539343066303362303864656661613239633037663065
62383963633431363636316261306533626437306236623063613137623063656135636437336339
39393364396365306439383936653638376264393030613235623961663535363330353330613865
61656661653066366232613562366266656664623461336534663735646339323263663630313031
38383638323233303036333138653036386364656436643430316332396665383731356264643033
66646138363932333536663661326665316664623065653238343664386539323237316332343764
66633833343835323830326534626164353563333731313533623534373737616133383638653064
35316362393561323464373837346563313737613163656536363963333765313464633665366134
31343936393162643866363932336165633235396635383534633366393731373832366530643630
36343865636431613233363238376137336331616433383464393138623632313863623966326665
66363463333130633537626139323366393634316365303765336533303666333365636434326261
62313430346165366465383034666166623036613164633631643335343161373138326239663065
33366234333764373964376534353264323566303133376432366365366135666465363965363135
38613561333566316666303030313331653431356132343434653735346431303862303262663934
31386466386639386161356261306433303764336635373430626437613438646438336465373639
64383563646230663433666138323162366564646137623037396434643536323265613565643365
63383761326233313662373065613933353238396462636433646530626261376164613336633938
63353362613434326265353064653832613932313032656433353364636237633634393438376364
66633730623636613263343433616166613664316139376564333861363037356464393063343833
31333037373664613735336363643035383039363365613130396165393661646430336430333366
32323332623365323163323938653435343430393430646463323733356130393361343730373533
33353861643463633830656338656662353830373931663736313933323236663439303862333063
65356233316136633837633361396361386361333962396562396366383339356466346136383834
62333837323766613564316537613934353566616639366565613061346630343233353637373666
62653463623237643461396331643236616230636236633666656430386632326130333736303663
36323761613830396466353134623266336533393462366264386264396163613135663835613235
36633466646234656562633733373363626566336430396634633165656432313539343332616532
64663265343362326564646632343036663234666565636166393862356434373931633033613535
33316564663165323435316666383032633732306665396234343362633039623037306138343037
33303835336165306165663638316363356339356432366434396363393062386436393061633637
63366161303264626132666365663730373338363963376164653465663762383035313133323264
35386130666131383863633861653537376536306535643138663166623836383238303039663230
34613436643030323235396464353434316563313835373136643464386565663336646137396366
33626663666135306435636366636366623463633035623363373037623437643532396430306634
33353634313830613037353030313963346261373233353066643231366162353131376435356464
30613135396332323433643830303863623837323237303132376334646433306161363431353864
37666633343830383364636334633037316538626438363031636437303765393330663537643262
63623064663237613233316564316239323332613362383563363636353236613535376638656362
39396163316532613665316138326266626434666436643365613636613832326663323835366532
30393362633365303837336431653438353663373134383632666366646237613434373931643864
31343131616334633230626466353538313133663335613762343031393238653432383131643430
37656439356666373565363362623839383961613232656632616637613235366137633161353262
63353836613862363635613638643131643333633738616639376165333032333038633064336135
32633838393730643161363163326164366465333661313833353965633335346530373939316261
32336465616165396139613162336538386365373134386561343166663863366565656162363031
66306636623566383334363836613362633730653764623064633935666532346137346364656132
64653061393732376430666235653562316339353964313330636539303337316130626634653132
62663930613933343766363633653864363866343639663834306631656561346565373732336139
32383361343637306366623465323534643133663537353732613562666634323933396261336337
62656135623139386534313062386462653836313966623664336162343062383634646434613436
34363061643734373731343261356537323261366237376330663334646637326234376534306462
32643466373831363362393739633065653239633761343633346232626238633562626538353439
64393333633238626364366135633533633037313832643033613635343962303834393133633764
64653136656138336132333762363835353032636632373966366562383238616334306132613365
39373365623466356565323734613235323534623063336533336339313036656335393835616463
31613639333231663632386466356463636264313964396634326635363431333239303766346130
63313337343534666363363165326232356436316633643130373736666264376263353263353664
38336462333336656633616563653264343830376530643736626664373638393133616564343030
34613130333464346231396566356264623931396430313831666634326437666238373364623836
62663737336235386631653239653531326236633833333661383536343531323432393630376536
39333564353164366664643461383465303166373764396163323861633766626630323263353662
33613365366335346135323666333064306230613962363161373735336334663937653036326662
65383138326332636138653930623666623365303665313461613364643564663461323563366363
30356232393263383535646631376533353132326536323334373737303162626336633637346666
32393561396532623766363034356530363830366639333536303963613731633730613337383434
31666533343963623932316531373530616534396531336661646336663832363338383438323866
38633930323934376565373961643231646435363964356132633838663538323439343731613937
31373036626332666337356163343364343933633066326538393331633935353438343864636538
39656362313939396363653937366535343764663362663836343963396663613061306365373466
62653434663265616562393961303739313063643230386336326163646639626431643934326463
30313264623437353365666234373361613062386664663133323835336135643763653332643332
31353832636562353633366663663762613338386130393235653364306264336130396334306364
62316434323362316331623238333038623837393037336239656131643337323964356239303432
35356235373462626539363734653638353263373437313565353133313239386232366463383037
33333431623031626631316539653134343663613131396534616133383630376161626663666638
36343637356361313235303365613936386338646530613330316135303762613539633738396432
66383865653537383139613564373336313334636630313338363235633565633662316537666538
30616339303630316332626236303737326636613738333334643963376233343038643831323762
31313663623564333566663461373261326436653334396238333930346363373937313762323537
62663137636539376462306337633461636235373436306134353565643664646132343762356431
61643934376334666333633439326236383534393534646631376562336661336130363764303864
38396265353038363631633636336333653462376366393436663162333735613231386639316562
38653339623631633339623635666663393764383562626136636166353736626439336636376533
39343932383461666538303666396533626239386438653831393036343430343437386566353335
61376435363637663836643039616531663339393163313135653066323832643331373562376664
63666437363764666463376631623238323963393534383331376230636262343133616136383035
31663633666636623831626438333964333331626434393236666538663339633238653435356465
61313639353461376136363335363061656433636432613436303334336231666564626334303835
36623436623639346261343664393434393561363335613733343936386233613733393238656231
64316364333863333366623363663738336164653961666363333535316336613563393739376165
66353030646231636365366466633638643935616565343839633138323663333332336234666132
35353333316465663061313865303737643137363032383439373062393334653864383463353636
32623435613831373431623833353964376362333738326332636564653762616536376163346337
34643961306265633063303864383436306165616462333339653139356332643665633730636565
66633031666266636165336366663832626633333832363931636635383031626264326433376131
31663762303964656134666364636132636632653432323166656464383166313464633763376634
34623265653566323738346261303261616335616436636263333239303638353839373637393661
65343931333731633238316533343630666364363236373236333666393633636166353137626465
39373737376164356433386661336261346139636537303438643931353636363338663138313465
35613461303266653633393464643637646263636261363162613039663439343935396434346437
36653230663731653165356235343333613136336236386666313364373638383661386237353963
37613132663931653239636664383062666362396532316564653861666265316539346332356431
39356665313765623431646334643632343331393964336138383762303865316531633139303836
62633962396234376266316336663533313766386661653030643537353162386666373763306537
63373263396439313431616363646633636664663038643466363336376533313563366337393132
37653538613831393436353932386639366562313839326132313635633661373037616231343636
64633464616139333563666339303364663531313931636235316636383365356233303038323333
62376631643561396361353330623134363734666531633631346561326634373231653839333631
61346232636233363932663932363335373937623761353363376566386165646162666235636136
32393537633365323933656632393465633233343962353766373531346131626638373738356162
35346362363034323964333336343739643938393037623539373837303437666536626364376531
64306435613432376437376263333438616261613033356137633965373163363137646364643731
36363131613139303932363431386164383366643030326565623335326639353166356337626161
32653461313138303864363162623333353936623136323832306334393330383238613363643832
63343866613633353538643164373133383362326237353531393932636161333161623066363862
36336664626134323661386665303132373236313635363932356337336138316233376234336663
35343764653664633638346562336262373461306566363935376466366435613033386639353537
31346465306363303063663035323738623338616363663237323237623339666563626234393433
65626434623164323235323838613439643163386366396666363166323662363034636536333065
33616235663030306462393136313264663138383664656161616463313739356365346539616430
33363361623239383532303363616530326233333662623931643161313831616263333265656562
65623565646431343730363634383537393865356138343135386537373163646638323330313133
66393865613636366239316633346365373262353430643263326530613632633931633662656562
66626666626130306630666661613265373363346439383264663038636533346564623034363962
33646564333764653533316134396464633435353865366336363839623730386339366639666363
61363333663161376430313361363035633732646165396130623264383661373063343265663130
36653131353932663566313361323937383233636536313830313864333630313566346530306466
36653262313437383232613039303733343662313864643864636531666633613061633336313135
33616333303663613565613438653138376363343733326431663433363461393033623062613733
63303631313638386461363638343637373532373466613031363538363537313438396539623030
63666339313137356166633366623239303461313362613964636130623466303566333733383865
63303439626131396637373861353737636166356663646533333463636632343462633432616138
39653565356165373162613537316434346239383939336562353731303261383136383037386330
62316365663332336334396464373038313062366264393263636337306465373530663563653132
64663535663231346466623838643235643037386330326136613739653539373236346139333637
32636166356331623065376135633538633232323761393066666666643965383231313635336362
35386536333137616663333739623532633734353763373330376131343035363930303534386533
34326231356239303633356561373366373735653333643362653264643161343163303662616131
33326231326337366161626339633263646636316331386236656434306338323062393633383864
34386331623339626662653033343562626466313437653635326231373832373862313566386335
34363064376437376364653266373165623638616435643835356539393632326566613038656132
64383639643363323638623665613738363736323837383032363637343738363163356163376234
33396163636130376132316136633939323736666230626330306132303361636537643430353132
64666338633033383364653836343361373863613263666330366430353532353163663933376662
62626666323832663464363563306339313663646236393838393537333933356662633564343661
35613330326362613666663937333237363264646338323136626635353433653535613262633263
38623536353665323430643839646163303034626531633136376630396363643138306465653366
32393837653433643232306239333036356537656535316132393239323737326562373732323164
32316433326135396663363135306433303965373236373235383732323163373730633935383864
65323863656462623239663832333631666463326466343234346365343732363965366433613263
32656364343331653536343733633737373861623332616631303263616566303362343135646335
32646232313438326136393835343131393735373831316439653436616663366331313930346161
35633132306630396462626664326264333632663935623630623037383731363330653161366635
66343166663335373663383435336234626166613635616265623865313436636133393833376335
30633431303832393766363530303033373132353461386263346637636466333065313162633032
36303665386434343636343734363235623364356135626562303764363431353665313163356335
64633364356438353664313333353465633765333162383937646131623930343264386331323666
36653863623730386639663735336235326533383235383965373532313635393461313938653531
39393661373130363232396533646264363639376565393738306635653532636364353162636163
63356639323062356132393433646539316436353438613564633036633432396363643061386133
61353436626438666431383464623462386463353935353061383339303231643765623561373963
38346534643665333863653962396432306336343534373765613861343731313562356637616132
34393132633930623665633131303834633165323562356663333134383465333332363836303534
37333866393732623034363039373333353234386639656566373434313861643134323138653433
61356161623834376537376261646262383034626661313536316662663134356533663066326233
61383961346233303539646232376630323632333362333137666464633337303632373136326162
66303934353261323134356537303731633736666466306635306636383265613565646238663939
37623138353263343030303634623937343765373238363165386261386436343665306364343633
31666637336331366635643331383661306364336337393831643764356534383137303538393233
30376639306531306438613037316539346233396135663538353166396461343461643131386162
37326130656132306436323737346665643036353930636135303430313761333065623838653261
62633161336161323364353962393762653862343036353038626230386466626530336133303263
61666562626634376165323734623430376639653732346437633563336135333035376637336266
62356563343735346436643937303333626664383463386136393238356262386239313562633161
34623433646233366166306561323162643962373362653464396231356665653331303732313932
65643961646166376637613365666338333736316436643064636361373932626631373832373766
36333731363034633630353764396230363964613635366239366331666138653966353239366236
63336631303031326266336538353161393339333761366332626264646133356335316566383832
35386333336130356237653533383161633931636638626234386365333230353934373964633730
35353932353437343537633235633362653833623138393738303935616132616232366262333366
65303436353765613335353339346133313566336333383232616235333532386637353266663532
32316139366538353039636334613737343833333135373734313036306466343364386264653331
61373963336461313666613065396631663266386235313963613466306365313765373835336666
34626336323165393064393633313463353038333832356662383066633966383535383236613931
65383639633562326431326362336134633838646239653235353438623661653166653837653861
38356230636563636165643862363165393037343131616362303832343064623063383536333038
31383861633862656531346433366662643731333164343833303565656261616433303866346437
31373361396462613362363631313965326231656536313963616239353331333831393066356565
35616135326334663135363736336261326335613335333132633733393039383264376366376462
32306130363237626439373839396534393130366265316565373839343263386433326539623666
35323862306430316432373934623933316630373232643562306666666134373561323433626162
65626531306538373064376366333731633230333763326564353631646539653635653336313833
35376530393466626364653732313663363535633934356137336462646630303836386666303130
32646433623561313865353763633661323831333334623265623636666631353635623735383736
34383764363939643837343463326338366561356239636132363165643262333363306232323532
33323862613938363438386636626438366238633734653961666465643563613462383831353534
61346161333165643131303534386338333466613932626562643366663331363436643331343862
64613463326230363737613739653564333765363561356263353962346338303835373566386630
36383263623532636162636433323064643334393038346363383063623239356134373736366331
35373866663334306336373535346138646235636665373362323866356661363666616563356239
66636635373033356661336136376236393939616664343330623636303761623662613566396130
32613138346136303164313238383835613966396463653233393664623239393038353663663262
34656465323866366338646532623361313262333932336533336537313062343135333430613266
61343239616339336337363331353065353632316531666532383138323765316332306262333230
39333534396234363331343632373666353937626232663266623663383835303437613661343561
34636533626234623864353932346232643837326235333335623132316532323632323962373361
38383334633330653730323964316338303566333832626664346335623031633439316135636463
38303130613933303964396435643466303361386265376430663263346465363735363730306162
31363236306664626232666362363663343335333464643661623039383031323532376335326532
33373461356433363233616539313062396636356439393763396332313432343737646334653037
61363335653065336333343433353738613561653432336132626637313233626630333162646566
39363439646534356431376335663463663964623333383031643032343331356465623433303232
63323838636231633839356633343165363266343766346535346234353439613136623535613735
35396530353338616632316139636434383061646666653362316230356437306238393834633239
36633836366662333239653566313634313266623837353937313736343266353234616661666165
66343063663636626665316263376533626234353638393964353666663736616135336666643734
36616131326131306666306630613163646437626431313063333532636331353561386238306634
34356435623364353863643866666236303837663666613762316664386138353637333565343234
39386631323161656663623436333132633834626232346536373061653738383536393132306531
62646662363265663362376634356133386262623130326437646339316332613639396335653464
65383134623132316236356166333930326564613838363266386334633863326438356436336465
39636337333563303566313330623737623766366435663636393433316535393733323933333133
37303838396431326237303366646631353561383733393138656161366534633535653232333163
37333630613535383838356231613834643739653939616438386461343931353361326364396637
33643065396362613561393530643163393233383464666536613434383635636335303239616139
37306166663037316235313161316631663031363331326338303735393534373334306531323239
34613838653835393631303838316337626639303964633864383231376638373534313262323230
36373738323962333762666232366665313731633136663066623164353563623561646161393261
65313263653932613761313163653938306162643132656133323062383862656366303964653735
34613661626333623635613664643530343264323438646236353533396532646630333232336337
34366131616137313237343030643338633232613438383634396134353563346464366561343963
33313632363038626564616131633636386131623433653532323163636138653730383430303137
33346239343061373638313530376139633730323261396538363863306563396633306631386534
33646162623362353436303734373362626366353231323162336234636564616335326336386461
34616438343134316664623034643737383833346135656337396235306434663034633738636230
35323161663966623662383732316635663835393435363635393439356334346133383635663565
30336466363831623333653332363935306438653663343430353664363264343531356537613530
61323563613135366630633465313562323431303338666638383438613131653435656537316237
38353066353336643430346436633838646236303836303961373237663737626362326531616637
62343334663534383662383666373763626366343962343338383434623639666234313338323333
37613437623532613230653233373434373331383431646666653437383733376366653436373032
36393039626131316263353639306164663533656261336638643666613030376236386233363164
63313866323532333035393833343237343737663664643536613935653733363432646536623465
35393363393966366439333564333233386332613833613361646632356536326133393961656239
34646233326237303463313432353266626665323833383738643935616166333865393435386439
65356565376463316130346339326630646438396433376239643339636631666639373561396530
31373936643563326130306431663637313966383965303739643631303833653137303731643337
30666233313233303531376462323338376139666666366362313964343862366235656237363962
32643735616538643737616262663439633962633034316633343634613534636166656162613034
30653962393037396162646233366561353534613634303533336362313936373833663635366335
65363237303665373639373630303234323362323661366535363834336162376531656637623730
61356139376562373365313161333130613066633166626565356261633930646338363763386362
61656234666431643464666565316165313266316333653765306633306161616338313264623736
64313338623665393966626163353536663738633139346535346132353565386636303863346666
31353934643338616535316331323936326333306665663462613230623134666164356333383731
62343639616434363464313865346634613563343431383430346336343932333436326130313865
39666435663336393630343632643430323935383465633937666537656632373966393364333034
64353364393937653762313633306264666565613838623634613037616239366637373266303163
66333833616335356434316235356631343661306532646531633965393433386464386162623034
32373230393035313365386330313466316235386531346365303232383738666130303763323431
34633134383464393835326462356334313465313332633539316232383766666563383831356538
65316235353331393961333866306530343662313833666238373036663232356666613465646239
39663965333063393164376330393132343834383234646633666231623237646335643133616335
32393432303639353137343035313063323363376431373537393566326462306461666233616530
31326335616463343636643463643533663365323837383862663263383232623939366463623231
38333461393434656537623130306630373130363539633766633135363763643834653666643131
30313337636132323335383737343636653233353437323265613034653737313664313538316431
64613061303930386634363461316633366364633665373233363431663263633439613333616335
66656136333962633966313661613866366262623133383962313136323534366138616662643266
36643033356137313230623561343132326165323763323863303634306432626232363134336364
64313137636536613237306239373035306166323133616439316339663932313463383666666465
31323964386263366333326636363763643737656662346162633139356534366234306661643933
36303163333464353039343561366535333831653135636134613633646562313535616631616366
38393037643331386235643539646464326634313038386563366431333965663266383732646430
61323532613637396130313135656530666161303565663065323433646434373035343136666264
39326265346263343936643737306166623736323538313764663039326162623037353936373036
38356663626362646464616539376139633331316163633633616134376534616530346362376433
38356530353261356534653039346261633164623537633332383332363865323435323134643135
33363733353534636531363331343262313033633732376439363731376164393830343335356533
30623237323963643031363030653763336634376562363633663763346637343864353630653139
65383135633564343837346336666363313930366331636339616334636565303432366536356262
63633032366433636665313763326563663339323633663539613931306334663162393062383836
35336235623233336366313739656539396232303338336131663762383466366632346235623133
35363632376533653264303266396266326565613564333637663161393265656165643438343230
66626138303632353265343461316134643137646338306666333338366464643133646464326561
64623162363530646162333661373566396430396561636262633464323065663239616263333839
36346566643463633231396130306666383932346336333534333938613339393030316239393164
66613062653335353936313938333633653661323938396564313464656537336361323162353632
38613935333265663839626137383565376562333934333833623064343935303638656661623962
65616137663937626130346132373339343432383138663738346435353166653734366438313535
61316636333466326161336437623633346238643338626664333631336330323065323237646537
37633131653235373962386235623130303066393935626464646664346434376434353538336663
33396432613037613363376331393764306133643366393931353735323663613235666238326462
65336534333465646464303835653237656163616665303965396365623065313363326237393266
66343632656137363338356261646164613434313564656637613939326635306365323165663664
63666361663437363633333431343930663964333263353138333339656536336438363531663633
66306338356566633732633563356634646364656261313564326232326262303061616164636666
33363137656230366465313966613334646366653939343331376139326536383964663531393638
62356530656238383237623766323666633639353962633564383065303436383739613162646266
39326335326236613961626134656266623166366331373363333332653361383363336431616563
30336632323631303035343064623232306265336464623839333934366364383833633032613233
35346337313032656337393233393935626461666433346639356665333432623665366463646533
37373863303537313338323962313462613139326265343132343538633639383031313865396230
65623866666163366138643131623662313131366436366662633864323363623462643966613332
35333834633233343232623162313166333365393161353835376361653238663464316636383138
63363132666335393761653734323661653137386366343361373462376533383438343066666238
31326331643235323732653438626562336663346237343761616539323838633931356330336137
32323531393430373837306234386462353066643765393261323134346233653335383935623462
30343630373161653662323439633162363135666133376538323131613630393965303030383263
30663137343738336262373836613261633462366539613538326561363438306161383562323133
66633538366361333963363964616363383464366536663634323463616464636339316364316665
31363233306164663462346564663332623466343961313835353262336636646562303136633035
37643035313234366231626633303561383033383864313530393134383535636339373435323331
66616636323434376634636436663032366338623866393837323961323232633338346336313534
62653139316136393135623763303565666635353036626662333364303234323266663439336634
36383438313733303236643664386533656637646461336139336235656363396434353163643436
62663866323038636365666238346335336233303933663763653832373365373232663861393831
30373336323564323133656166626666383664323262656230343933353264643237356363386438
6464626266646666643533626133663263306135316466613539
