$ANSIBLE_VAULT;1.1;AES256
33383665646130363236333935666363313532656663326331626163663638383561653038363562
3737363432376236373335376466316663333338396464320a323566306331336261366238633338
37383935393465653161663737343839316661643562356266373236353034623634626238613961
3564616439303237660a363564623536366337356466373966643561363033383661643630323830
31623265636263643739313166363036653835353365303138313231636338656437323966633136
61376330663061616361343434386164346133353264616434383262396661306437353666306632
39326365643561616130613463366636663663626137313835646637313865633861396366613036
61643036343966646237353636366639313037333231633639303336643234386335313062386637
61306439613539623439353737653264643336323063373433363763643730313962343634383737
38316637653836363966333639646566613766346530396436643332353535616233396237393635
33656132653764663134623934643030653933626439383832353531626232346531343539386636
66353865343935663061313137323931396335663833636361376161353662646437313335386639
30316265393261633136386331643963393234353261326664353665623764643038656565316562
39626631643561316461346231396134323535356163383963393732613565616232356235306134
61666164306434316430666664323737613965646535626535373035633061643139333330303463
66363830363463313461313666623361633561626165383735316231323232343831653361323334
62326362363231323932663239646535343937613638636439336161383637306532333931333862
62383130366463656166343438343036633431343635393165646264346131646437356263373863
64656539373631353461616464313165663734323835393130643037623437356439623364343962
39356666313539366632353764613837303164353834643032346437623234623832333037316239
39306238656135316338306362663639316238663866653562613563326266326264333564303537
34623130306332386533353163643732613134373132386430356139356436623930353162653062
63316233353865306236653634306262396232653363373534386633666531323166386438333362
63393334326434613030393464313332343030666366623134383634613737316330376138383539
31643465373361373639363463616231336630386465396431623233323338313765383635393635
31636536623036336631336638376637656365356132336265653233363139326530653236613363
61316137613266366439326163366335393632393434666332393133393866393034616535316330
63303032383362333539623362303364663866626434643937343530363935623337393433323264
33623865386633613264623734336530386433653761336137666331333961346437653638643739
66316435643962653565333238393638313962386135646262346664376635343631633638383463
32356562346362323965663033353363633133666261316165663661376665616163656136363139
66376161616261323364353262316666323135366264396463376332343133393935333766636635
66376462356230376639636365353965366132623461343537643136343763306666333762353537
63303463323532313764666535323633663539663062656666303631616162336636306234323138
33383035313038666137643430353863623935333761386163383165383038396230393031313934
31303061353239376666303038613331373237306232366265643933666235363138666530353762
37393866383061346364376435646532376636303832353435633964373138383937656538663930
33653339346135393234366564353362336562643766613437336466356562346632646161626239
34336632663834306532666661616432373762636566653430353434613831383637376234643730
34333661363261653635323233306631373466616531306162393330373633623338303365343838
65656661326139636536353534653631326338373230313736313864396638363061623637633431
62376338343433323264336164363237323763376538383834623937623362363438663538653463
39333339653264653562396232343333633434616561323435663164363938326564333039373233
66366465663763363364343662626164666335623831333830303636633032366130666634663962
63306530666566613934306163643839386630613061393532353434303235623865383966316638
38353166346366666238646461363738346634366661663832393364376364363162363263636361
34366339353364336335646564353464656134346161643066313762633837653531623439383039
30643764313931663432643839623332306135306466623063336562313930663632306666323762
36663361636162393666373031636661653331326134393335633535343862326238343739343936
64323231376539333832333335333733333637616366633764346461303432633635653236386665
63646163316339646637623766613063316363366636633861336238636132613139343534313061
32613138623231323962383136356537323438613862623734633764663733353739366639626333
38343238353966663032666264343738663564376264653734663165643434363733343236303334
63306463343861656366383131663131626230376362323463383932393565633637386561323933
61383661313132393662663636303333373230376432623762633138376531643665393865396365
33313030613164363935636563386431623732393531396563326233313966363037393064636334
64343162656132326166626465623332343130383963383032636135336237653836306465376466
34626663303733343532323161353032646465376635316438663239646535613564386362616138
39373338626464346538383834346465386636616433393766383232303437326133663062663939
30643933383930653564303438373466363965313239346533326534343831656661353832386165
31613865343833643566646439303735623730313936336465663436326433346337666537363135
33366464343431666666393065356135356433343638623865353764323534333838646332643333
61393833333830653533616539313337323330613638663435326161346164313362656433333831
32393235626262303339383163666531663766363962323863323639333862663634663536653534
62346132363333663935376164313635343963626539373763373733383138343630393237633038
37363861386334323466643631643964653235393639646338613761633230363237393362623534
38643232303165633232363965383233343462326465356165363562356539306533356535336630
36643731306566316263393136666239646133623763363233356332363930323562343631393064
38653438376139346163646131666264313832393538323430363732373831616339343937383637
61626266376431316635373237313165633661333766616532376363343530393564383439323131
63656264366134626465363336343363663133626533336462396633353837653733323039316337
62353438653564626165393034643066393535383661383236356436656565363161626632356463
62366535343435646631623533376635346664613934633436653864333639653133626262303039
32613661646662313463656234626264386233363764373763366637356134346539383166346363
30366563356264613033396436383239393034373132336337373032616632613332326661336631
63323232396466653330636264366363653134386264663830373438636632356163336163386263
38663362636362333361373136313438343839323630653036626664653436626238313363366566
66333437386562313664666231633339306437633362373530633462653462643032303666616533
39303231313162656132653163643234623233343965316233386564613762306539383064346564
30616136376165353561313631383261303031386665613762363835326663376236336632633464
63366433323734623133653466613062366430643239666135646638653834643436376335386566
32356566616331656662333036653764363830613932323531633763643833303238353732643037
62643938363536376166343532656531666639343361303261383161613166613162363933383635
65386236393339653666363830326666363130353433313333303236396332333064333335656662
66343930383566333933383962366137373532303332346265616238666134353634663532333561
63616339343762613131333436346464653665393730336665623665306433613136636431633439
36373563623461333766396632626439643663353761316661346465373735653039363333653437
66346666373362613962373538396639326330386262636464356462316139336336386266313036
66313430383234316665386661663236336233326138363533343032303237316461393861333562
64333038313161653766376633393738343266663435333438386337393433633663333739306237
30333664376135666537363438363330353162346262383933616563373563656637633364636134
31626165336632386631326434336133653866643739656161333464336534303436393837346338
31396633643561643663333062636434313934663237343032323437306437616136656133626538
32326165386561333461323630383934663637363365656261616564636465636661653137626133
30326331323732353063376632666166636331323039623963396335353933633233396236363261
35336366646237633234346363616664323332623134333566346231326562656338366433386235
62356131313639343935393030323964633334616262666235303639363139326263663664613463
63323862373434376561316430383037646264643432323037643061336235326262323432643835
38303666613464623833393632663334366466656536383636323765363234373438623563623366
63303561393565396131353037666636376565306431363462636133386663653666633031306139
62666433383337663534383138303031363239323232653334363032393135303034306432633365
66346262363734666661353630323138303733343965343039633530373434633630356539666532
63383739633135663838346534366130373433356436656564653031613733326336303630666338
30613262303139396339616234353733656335653739623063313939626233393434306239643163
64316531366330323766373034363162626231363037303430343966303736656462363830656536
63393066316231323962393739386135353639633063346332333534323133643464353362353131
33653065353239363035633430653539386438656433383737663030336635353333646530336134
34633766653237386165646161633162303430306130616235373361393339396534613430313236
34663238346663376537356566316361356631336130613132363735316639356361306265396131
64633666333437663136336265613862666466303064303237613236376134303565363662643832
66313165663130373234376165353065373261306265636662373966653536393462306134386434
32303332356635613564623063303233626232633639623332313866643836393138366263653639
30373963313531633535306537326532643064313233643736616135343363363135333835323732
63396361613361353939316266356164643361636535373734626232396634386230353037366335
39383932623862613339366532623263373539653062343330363835643966396439646263633939
34336566626662363262363034636665613166663832323034373237373766316435376263633163
34373034343766663035346466633036306366663265316538663035396661623738386331613232
35646536373566663234333435333666623063636531386535626436336166656665393764376664
66343464633835643130353033666239383466376432643430656533396632323561383065633933
62353164653532333961353537396538643934646530623936353732323661616232616633643565
37373065616664656238643735613566666632353137643162366338626136616636643636613461
61396665373830393430643938363737656166323966386634653730653439363962376437633436
36663666383965393635396637383865653431326666323732633861633637373062363333636238
37313961623130623064373066333961626334333961326532653139666363633238323738663333
63363034333633613831343134343932306339646139333138393465383134663434353765343064
38303762343631633165306166323336346239643435343264346431303365656363303430656134
64613561636536653766366239366561376465636231396635323861336139663738346530613235
31363234613266616562383562346663373136373937623362316438373262346462663866613534
32643162646339356135396462326635373131373035313961363036346464323336316634333266
66373332366465373762313334396433343139326436363836633062326466623866373737326333
61663863333863373833663635323862353933333764613831303734656436366436316466303865
39373639366338393031663964306565363436323065323239373061356134623033643635363763
33613835303236346330333531643738336230333131373964393366663865626337633538663762
39646239383638306334636336333066313965623865626263616564363061323063373336633235
66653335353230636561336439663663393339633537343261383566303130366266363661373939
30633735323664333235313437663837613034333331343261626336636233613862666561343432
61346361396338653561613433613565633739336635383764383736333632633130306132396333
32643863313433616635353133336633343736346164656531386364326336313661633030383131
34343437346566653265343066343136623261653863353161306538393765393764313035663662
33663836316136633238623563396336623632333664333762633266353437373331646461393831
65386130343364663636393563613737623737323034623831323861616335373535326532666566
33623439346366373032383330393563366337346338393437313465663530343933346232363137
30626535373535653031376463666431396338663733363935323836663164383562333965316237
64643732366662663762626162353537663766363566333938623434633633633033333733613462
31363838316232656638623838616236323464333466316566636636633761356537326132633034
38366232363264343538326236386331333066343765313262383035383832643433366332333531
38316161663836626339656139343138363631633139613134383834643061343164393334633937
34656239396262333136313261646533353461336133616265303863323266653366303166636235
63663137383232613931326537396366366334376634386434373535353732653431326635396535
36633561303032313039386163613765386566663237623530396638303636313837396135353630
65393130363263373465303566303936633166626265636136666538386264653733373564666338
30313139643865343638336532653535666366306562333335333730326364353931636230616266
38303130303939303630396362346439336466376265636563346436376137393639663763316262
35363032306666626566363530336563366161626666623036396638343239343162346631396339
64376235643265343936396537333238313433616662653634383139326438306633613866323533
61376466333930383838643138633863346462356664636438393439366539663638633638383962
39356264323038666534353563653162363433643639643133343538653037663261656265653364
66653462366164353266653935366661376433386534316636613432383737303832633839366432
64356633313063356338623561613066383231623237303862633661383262323966366336636337
63643737343033393466373261666130346538633161656166363139373366616238346437613237
64346532356362383438653336346361633132646339363133326236666164323432613133356561
61626465626466393835336532626531663263373063333165343239613438383332623966653366
62393633303936373934313738383063613635653664633465663333383530313238396432626264
33333130666437626164323763363835373030336466313037633833383334383139623732336631
30336264303665333531646261643033643038663763336164623433356633346562366161666235
38646466333236623765646135306532366365633535626630623061306431306361353039383861
35353234656535663263383137363964373935633636373136333730306431303566316137333737
63323531373665393836656638326461303036333662316134623362353962336563316265616337
64643738633439356562623736656631363334373239356535316661626566623865316231333838
62643830306239366565363032666236633138343664386633373564383266656435316565653633
65616361393738346337663332343832626464653237346465623764386230316333646135333737
38626530656239323638316663313837313635613664613738363130623666306563613036323230
30313263353035653461393764623263303734363762636231343339373633313936376361353232
34373263363334626339376265656566663764633537633764363139356333383861646339336265
34343566393330613264373663313164663364316132666432623964633637643938356461643938
64393837343437663833636138613365363635323332643539356262383166326230326232356439
34313637313637383265373466626662303632303064313739323264313132623462633965633831
64326232616365386135343432323465316234326535313766663366633636366166623865653737
30346635616135363637316130393036643361343462623034633666316262383733626163386131
64623033626666373234303630646637333165656531306338643665646266326430656633353962
61663439396630616539346138343462393338303734623533646634303130323063633465663836
36323764306436613761663865633436316437316361636138366630633466333066663762363135
39616335646638646634396233666165343736303838373164346430663832343061393030313035
38363765356130663162393366366431303936323066313862343837623631383137366337616338
37363735656233643738623230623162393761366435343163303263353330363131626666643130
30356433306435343331666333393830663330663862646134353562323536663539633633663136
63383465326564343965316263656165613461643739663365376363646232636265346435316262
64383036316333336131656561376532663961353838396233306664663761626633326630363163
35346334376366613935643536376565653538396338353631653535306330363634646637376661
33343738366133373862353231616335356162333834653964376638306431363561333365643436
62333932303231313731663932363330613062653238303462656163316338393565656561626432
66613435383734663862383732633939353838643937313333646638386538613735376663336431
34316432396134346439323732633262663065336431346266326162623363373739346239666365
63643637323963366266336561653132636132373233333861313034656335633138316361303762
31623762623465346566376134333339626462383638393961343635643065373233313033346438
32623737633165626330336632393031643234373463623830356166643463303730656630623563
37323663626163396164386366636636343561633165636263656131356263303234346536343461
32376462383739383238356133643836653561393838396264356663396266353966373739323533
37623436623131613432626666346463373635343763313462336361643765363562363038333766
31303233383764633535613661623964373031356666353639616264343030626161396433623233
38363461343735336266643532383636653265663662373730313538363131306336623137613736
66366663623662663439383163666533316135626338646163353431386635653433336164333864
34373033333539646432363039313736623736623537313332633437666633343538666663626130
31663639323138653561346363636166393237303630396631376666343138373736326531346264
35613935623535646162363930376136643232313431356636613037616331653939386232343830
34653961323931663435393363636531313935363861353538396638386362633465316461626261
66653934316333386564646561316539333661636132393337396364373438303637663637643937
39313338623831616665613764393736613464636236303761376438373539363433653664613663
33613834666362336337323431313936623963376261393734346338646363356437356465656639
64653366356465663333643735666136313137316361626436393966663838323163323931333465
61613861386665366139626362353566653764616361313233353361653135396566366436666663
36373764666134363062393331656266633139613537313761643061386636343436613535383935
64633866383664336133393562353364323739356231346231373235646266386266353530613230
38346434623466613463633639653830393538636532343730356335326466356339646132363930
39383566666634623737343038623939386131383939336164646334623334333939333831303062
33656530643133376235663637626135616133386538666461363235363930366566333436623433
61373336396135313733636139356433316430316463633634386132616132383834616539346266
30313562373131633265363366613566303963613332343836633264343162623966303036663765
65356462633965613133633862323431383666363361663862363034336466383331613565383465
35323664396333636239643033613138393061353839323831663937353365313963636163616464
61663763366130316366613364363334613630353730383033386563373263643063363061386665
65353063393865346263616538666263393239306666653365323664343861396237393631363163
66386265316638333736373836306438323362393434643037623862663930643534633337336232
61326462363239396136623830643132303636376436613438373432353831663030616664393730
31656438646233393933336133386135366336333763393334626532363264383864386639343834
38303737313432396562363862643963316430653136366666383730626636326239636636383234
66376535353135353661663562313762393831333563366336386436653363323934636563396461
66383036316165303837303333613738326362653462666134376430373733376633646339356638
31343931303934373130336234666663393363653563333864306534353461356238336230613435
36333962356632393564626536653234623634336535333831333436626135356531623862333335
63326161656264633961393133386637376661633162636262663134623934626234306434363565
33613932373032373865333865373339643334386365336537383039633638303838366539313134
66303565303966646163313834343230333534356262343336326636393066353231646364313362
61306161643861646238616463393639643965616563616531353063663831353033633035643432
30626231623364343233623965656237663039326638653632656237626362386464663232343537
66386233663464623532333039313738376461633932326331306230363164626335356335373733
34323331373633656464663933373562643233653632386164333161636164363865613030313638
37643330373934303032386138316338623964663261623335343933353563663837643166616665
35393464636365313631623139393030636166373463643363346130313233363136303938323236
35353864636166663366323336353037633265323463633661656333653234333236333263613134
33613234393062303332656535396233306138663333363632303737373166653236646437363132
62613332333434663061316563636434306630323566336234393232313833376637656466336636
30356564653266663835653362303734303163633634373964656662366134623032363738373039
36363831386631646162316432363666373038393261666161616665613463363163383962643336
38353039313239386163303530333566656135613131336463343164326663386266376261316638
36366462363763383935343163353537323831306261366331386235353035643631616139643563
30333966383433376263386437366538313464363964383935646535656266353332326265313832
33376532336131313935633638343033626239333961303030653030613962306161353136623832
32626633633761353562326135383538663531663234383139636233393931396336626134393730
32353935316462363830303038353666613331656639383733613736383736343039393262663738
61666438363936343366336335316637353133353861653937613763346166313261626235393332
38626537333064373439626238343330663461623563363866663030393162663734663430326166
63396534316366366461653936323066626134383230653631663638316232333135363833396237
35373432313534333564316265353963663234373334396166313835303163663061383664356635
64623265613965613031376537316261373034376666653834613662386435663232313965353061
32383236643666376337306230306633383232353031343631653761646263363539643665623135
39383135623130636134646235386431666337666665666130313434386534313662313830313533
33646138393336323031373366653261356565623533333239323238343166376636376162623738
32653439316334306562316462343636623135383139333464316136653231303963653331386430
36633363316134363863396264623639636362323963303532353435333838346661653666356430
34313638366532333536633331663862376432346332333434383461636265646632356238653763
38313231316337633033373335333337383964316339646332393161393635643735633130663861
34663165316264303266326261396133616166383164663439343062373766613637363965633666
61316465346461643637666536663966623535626639643565343935613866353232663363363063
62636638313632613934656435623463376364363064623862623965333161613438363638303563
30316666323963396265333865336661386365326366373032336166653362313064356463383334
32303131616162346566656336346363613634393365653734386130396262633762366331643436
62393335636266396134326536363163666532613764383130346364646230386264376565376664
35333565353462643366663961633934616262333137393236343731333832383432653135383439
33653761633533363033313565373462323330313862333064383536346233346238373034663535
66313830656334326131663536336539643439383639303532663965376164663330613939323132
66313034383461333566666636386363316534623064376532313032303636646539386565376563
62663030616561363165636663373630396665306236363261336462373036366133616263623538
33346166646237313763396665316162646536343365383037653431313838666234343238613664
33376132373232373932633833386661613738393866646433313162643630353735363061313238
37383138653439306532633062613463336239626130356561666661383439363835626636343233
37393237643161623239656435336235326337656365633831643431646435336663333162343262
36356365393461353366636530373634373537656661663134313034393966396165636164343762
32316566646436343639643339386631656331373733303762396361653365626565376662616236
39663066363965333830356266663936663730346661383137396364393530373766323830326134
63376364666236396434643231646166636434353264303930366134343337396433313731376336
31643239353738656333383732663235646361633962623761303734353836313238326136313039
65626262633433373966396364363065343264636665393530633365366131623662363566333038
34316264653165346237616565653333346163346436383235323462376465323436613163303561
38396231613438663764373339653430633837393761336539333537303033383064616362376161
30373862346363393734613938323238616263353233613236633039623532616564653865333931
38326430333164666130333630333832636436333866326461623063343331343365633363633238
63616462363631633362653439313538366539376436613539303538306133623436653736653539
61343539303263626265346638313262323334653730366562646538663133666332343530643439
34633065616461376463363339343161663331633435656164666365336261373964366238656663
64636663616338636463373931386164376530343762326335366432373834343332393334323865
65326363616662383464393935653462663631313038373465303538323064323732653437303537
36616239353338653332303863363930363338616562393564623534356162373934646233656338
65366138613464623038366362313164666666363435363065633462656231303866326366356565
38346361663336313164316336643331393466643734623165323066356432336435343530343234
34363731666532313139356236663862656438643162376561636538356438356663393434383431
63333232383932613532346564366166636231646231316135366663393531643266323639363464
63366331313138323538373162336539633837613433653233303839613365356163356164326639
38613232623762303233373838393765326565613833313964313963303933363535373337323565
65633732376539633465373964333133616261383164316133623637646330623830313534306232
35623361313632633965663734333230643138303237353065303061396166636466666330336163
37363565623537643436376465393935333762353835316632386638623862323061613035636161
33613264363663633661353862616164353430356238633935343361353133313966656466306237
62636438393132633365643631653732316464383635326539633931636665333731343961343530
35363938356338623065333266343733313938353738343465633063393766346163643934646130
36343036373636316630616666353532373133386338663731303338336163303436336132636536
62306361393437303763373839613162353136623466323463333733613234343931653331306536
38613338326639633936336336303964343132663338383433363833343232376631643832656162
37326332636230383538356665306633363837656433336465346161373137653434356237383037
39616534383837326234383833323935303232623561313835336539386439303438326266613366
37323961663364323433346338656563383733613565646464393762643466303338306662643236
66633136383162356564383039313837373734386161383437653035306639393036633834313631
36633431363733633263323463653235653762663165346435366461343561366161656561396437
34336339383662616263666535356239313639333233653133663039383038356434393030623632
65646333336637366635343630373663613163613132373238656564383063633362353362343065
35623665346163386663383266366435636439613739663832316562623962636662656264316633
38313264643730333165646234303336383433323436303938306565383331343537396137616538
34613930343933366261346265633562336138323532323037323064646364343137323134343131
64346261323138623631326431333934613032343938353538653235303537353339346266343130
66396566303233396534383063336632396432326639363834353161633064316435353364336232
61633931636361326231303562316633666539643664626162366164636164616239666530333139
3863363232363066653965343236346530363863316666376139
