$ANSIBLE_VAULT;1.1;AES256
65303039323165613930373663373335616364366233333233323233353837306162623731663830
6532386432613564633466656337366635653431623034660a323862333437616266613063623461
35653837346632306130616164633562313434326662383162326163313861356666383632323536
6335636536333230310a313261336363366234376264373532623732393932333661336536373061
39356537313836663561663563303262613062313066383835356230636163643037366537383439
63356531343739646539366266313338336338623761646561633664626262363963376237663234
31386262656138613261656165373363373664653665353934393666623538616431373138386266
64306537323665323837356662386433666436623766636435303734656138626630643737656164
66396131623436383266623365303963616239653164343333666135633937613038646333376639
61656131336138613439366165376234393362653138663432643733333135303135646239313235
303362666266393039383030663933306632
